# Radius of the bundles
Radius: 10

# Vertices of the sequence (x, y)
Vertices:
-6.19 0.06
-4.45 2.98
-1.03 3.34
0.19 1.2
-1.21 -1.64
4.55 1.58
4.33 -3.68
8.4851158 -3.5111592
11.094142 2.2866768
14.9915762 2.0934156
16.5054556 -4.6385162

# Line segments for each vertex
LineSegments:
1 -3.9413538886 0.176949010
1 -2.740944155 -0.08028974
2 -2.312226393 0.862889294
3 -4.241456322 -0.809109942
4 0.5601826124 0.176940910
4 1.8892076746 0.562786896
5 1.84 -2.13
6 5.4475650992 -1.923778123
7 6.9909490424 -0.208905075
8 11.3638702148 -1.02346882
8 11.706844244 -2.9098269
9 14.3220227726 -1.3664430